Expérimentations de PrefixSpan
Date : 20250116
Min Support | Nombre de Motifs | Taille Moyenne | Temps (ms)
--------------------------------------------------
        100 |           46069 |           9.62 |   93172.89
        120 |            8055 |           7.69 |   20641.65
        140 |            1663 |           5.56 |    6337.13
        160 |             550 |           4.17 |    2735.59
        180 |             248 |           3.35 |    1829.21
        200 |             123 |           2.88 |    1054.20
        220 |              83 |           2.95 |    1002.08
        240 |              61 |           2.70 |     691.50
        260 |              43 |           2.37 |     585.44
        280 |              30 |           2.30 |     449.07
        300 |              30 |           2.30 |     450.03
