416 -1 304 -1 #SUP: 3
416 -1 418 -1 #SUP: 3
416 -1 453 -1 #SUP: 6
416 -1 586 -1 #SUP: 4
416 -1 315 -1 #SUP: 3
416 -1 509 -1 #SUP: 3
416 -1 509 -1 418 -1 #SUP: 3
418 -1 416 -1 #SUP: 5
418 -1 416 -1 453 -1 #SUP: 3
418 -1 453 -1 #SUP: 3
418 -1 303 -1 #SUP: 4
418 -1 303 -1 416 -1 #SUP: 4
418 -1 303 -1 416 -1 453 -1 #SUP: 3
418 -1 303 -1 453 -1 #SUP: 3
586 -1 416 -1 #SUP: 3
586 -1 418 -1 #SUP: 4
586 -1 418 -1 416 -1 #SUP: 3
586 -1 418 -1 303 -1 #SUP: 3
586 -1 418 -1 303 -1 416 -1 #SUP: 3
586 -1 509 -1 #SUP: 4
586 -1 509 -1 416 -1 #SUP: 3
586 -1 509 -1 418 -1 #SUP: 4
586 -1 509 -1 418 -1 416 -1 #SUP: 3
586 -1 509 -1 418 -1 303 -1 #SUP: 3
586 -1 509 -1 418 -1 303 -1 416 -1 #SUP: 3
586 -1 509 -1 303 -1 #SUP: 3
586 -1 509 -1 303 -1 416 -1 #SUP: 3
586 -1 303 -1 #SUP: 3
586 -1 303 -1 416 -1 #SUP: 3
428 -1 416 -1 #SUP: 3
303 -1 416 -1 #SUP: 4
303 -1 416 -1 453 -1 #SUP: 3
303 -1 453 -1 #SUP: 3
315 -1 416 -1 #SUP: 4
315 -1 428 -1 #SUP: 3
509 -1 416 -1 #SUP: 4
509 -1 418 -1 #SUP: 5
509 -1 418 -1 416 -1 #SUP: 4
509 -1 418 -1 303 -1 #SUP: 3
509 -1 418 -1 303 -1 416 -1 #SUP: 3
509 -1 303 -1 #SUP: 3
509 -1 303 -1 416 -1 #SUP: 3
