1 -1 315 -1 416 -1 509 -1 418 -1 304 -1 416 -2
416 -1 453 -1 315 -1 428 -1 40 -2
40 -1 315 -1 416 -1 453 -1 509 -1 586 -1 509 -1 418 -2
418 -1 303 -1 416 -1 453 -1 43 -2
43 -1 416 -1 304 -1 453 -1 586 -2
586 -1 509 -1 418 -1 303 -1 416 -1 453 -1 523 -2
523 -1 428 -1 40 -1 315 -1 428 -1 637 -2
637 -1 416 -1 586 -1 418 -1 303 -1 416 -1 453 -1 428 -2
428 -1 416 -2
416 -1 509 -1 586 -1 509 -1 418 -1 303 -1 304 -1 416 -1 315 -1 428 -2
428 -1 315 -1 637 -1 416 -1 586 -2
586 -1 509 -1 418 -1 303 -1 416 -1 453 -1 315 -2
315 -1 523 -1 428 -1 40 -1 315 -1 416 -2
