4 -1 #SUP: 388
5 -1 #SUP: 458
6 -1 #SUP: 280
9 -1 #SUP: 476
13 -1 #SUP: 340
15 -1 #SUP: 266
20 -1 #SUP: 218
22 -1 #SUP: 367
26 -1 #SUP: 503
27 -1 #SUP: 420
28 -1 #SUP: 280
29 -1 #SUP: 215
35 -1 #SUP: 272
36 -1 #SUP: 246
37 -1 #SUP: 253
58 -1 #SUP: 207
61 -1 #SUP: 216
62 -1 #SUP: 323
63 -1 #SUP: 335
72 -1 #SUP: 212
117 -1 #SUP: 338
4 -1 4 -1 #SUP: 249
5 -1 5 -1 #SUP: 352
5 -1 9 -1 #SUP: 221
9 -1 5 -1 #SUP: 251
9 -1 9 -1 #SUP: 334
13 -1 13 -1 #SUP: 209
13 -1 26 -1 #SUP: 203
15 -1 15 -1 #SUP: 203
22 -1 22 -1 #SUP: 247
26 -1 26 -1 #SUP: 384
27 -1 27 -1 #SUP: 311
35 -1 36 -1 #SUP: 229
35 -1 37 -1 #SUP: 214
62 -1 62 -1 #SUP: 269
62 -1 63 -1 #SUP: 214
63 -1 62 -1 #SUP: 230
63 -1 63 -1 #SUP: 274
117 -1 117 -1 #SUP: 210
5 -1 5 -1 5 -1 #SUP: 252
9 -1 9 -1 9 -1 #SUP: 251
26 -1 26 -1 26 -1 #SUP: 324
27 -1 27 -1 27 -1 #SUP: 244
62 -1 62 -1 62 -1 #SUP: 232
63 -1 63 -1 63 -1 #SUP: 228
26 -1 26 -1 26 -1 26 -1 #SUP: 252
